0.0 2048
0.001625 4
65.236376 2048
65.236511 4
137.080830 2048
137.083061 4
151.487311 2048
151.487400 4
167.044483 2048
167.045190 4
171.353184 2048
171.353351 4
175.637429 2048
175.637672 4
176.724132 2048
176.724278 4
177.845165 2048
177.845412 4
178.094808 2048
178.094918 4
178.360652 2048
178.360793 4
178.415301 2048
178.415385 4
178.467462 2048
178.540233 4
178.612787 2048
178.612880 4
178.673311 2048
178.673417 4
178.688702 2048
178.688771 4
178.704030 2048
178.731506 4
178.996384 2048
178.996525 4
179.281173 2048
179.281422 4
179.356099 2048
179.356291 4
179.434393 2048
179.434546 4
179.451600 2048
179.451765 4
179.469729 2048
179.486038 4
179.504550 2048
179.504813 4
179.521951 2048
179.539364 4
179.607466 2048
179.607574 4
179.676028 2048
179.676129 4
179.692548 2048
179.692748 4
179.709700 2048
179.740854 4
180.753802 2048
180.753928 4
181.779985 2048
181.780174 4
182.056356 2048
182.056485 4
182.336068 2048
182.336271 4
182.405275 2048
182.405365 4
182.474739 2048
182.474891 4
182.490908 2048
182.490993 4
182.507421 2048
182.522263 4
182.543868 2048
182.543997 4
182.562620 2048
182.578606 4
182.646659 2048
182.646782 4
182.715840 2048
182.715998 4
182.736429 2048
182.736569 4
182.757369 2048
182.794193 4
183.038716 2048
183.038951 4
183.281009 2048
183.281180 4
183.337306 2048
183.337446 4
183.392676 2048
183.435287 4
183.500544 2048
183.500701 4
183.558019 2048
183.597823 4
188.336464 2048
188.336581 4
193.011241 2048
193.011516 4
194.214635 2048
194.214730 4
195.504304 2048
195.504605 4
195.830656 2048
195.830742 4
196.199207 2048
196.199394 4
196.362017 2048
196.362152 4
196.461639 2048
196.461774 4
196.485235 2048
196.485393 4
196.507123 2048
196.521927 4
196.541676 2048
196.541796 4
196.561223 2048
196.573889 4
196.646907 2048
196.647025 4
196.727638 2048
196.727829 4
196.751277 2048
196.751450 4
196.772195 2048
196.813388 4
197.106315 2048
197.106414 4
197.416860 2048
197.417007 4
197.498204 2048
197.498310 4
197.568123 2048
197.568286 4
197.586474 2048
197.586562 4
197.604891 2048
197.637964 4
197.709353 2048
197.709458 4
197.789343 2048
197.789475 4
197.808599 2048
197.808697 4
197.835118 2048
197.850720 4
197.873839 2048
197.873944 4
197.897360 2048
197.911234 4
199.042595 2048
199.042749 4
200.250969 2048
200.251154 4
200.522716 2048
200.522819 4
200.784422 2048
200.784582 4
200.845370 2048
200.845490 4
200.902530 2048
200.945385 4
201.018973 2048
201.019080 4
201.093922 2048
201.094053 4
201.112298 2048
201.112377 4
201.132323 2048
201.145363 4
201.163002 2048
201.163127 4
201.180884 2048
201.196565 4
201.464985 2048
201.465141 4
201.729397 2048
201.729559 4
201.792799 2048
201.792952 4
201.856316 2048
201.877850 4
201.895895 2048
201.895979 4
201.913898 2048
201.927921 4
201.997439 2048
201.997533 4
202.067181 2048
202.067334 4
202.083916 2048
202.083983 4
202.100534 2048
202.114144 4
202.131738 2048
202.131813 4
202.149364 2048
202.163935 4
220.084316 2048
220.084455 4
232.419425 2048
232.419758 4
237.285623 2048
237.285720 4
241.604385 2048
241.604591 4
242.623811 2048
242.623895 4
243.616216 2048
243.616531 4
243.878811 2048
243.878898 4
244.137819 2048
244.137940 4
244.193969 2048
244.194055 4
244.253605 2048
244.253717 4
244.270327 2048
244.270416 4
244.287439 2048
244.316998 4
244.381103 2048
244.381185 4
244.451577 2048
244.471468 4
244.486877 2048
244.486960 4
244.502034 2048
244.512919 4
244.751493 2048
244.751596 4
245.006038 2048
245.006205 4
245.063381 2048
245.063470 4
245.118125 2048
245.118255 4
245.134901 2048
245.134989 4
245.151654 2048
245.178824 4
245.244137 2048
245.244253 4
245.313295 2048
245.313428 4
245.329227 2048
245.329311 4
245.347135 2048
245.360959 4
245.376416 2048
245.376519 4
245.392759 2048
245.404682 4
246.388095 2048
246.388190 4
247.361449 2048
247.361627 4
247.622778 2048
247.622863 4
247.847692 2048
247.847843 4
247.909499 2048
247.909578 4
247.967692 2048
247.988805 4
248.002888 2048
248.002955 4
248.016199 2048
248.025690 4
248.084260 2048
248.084347 4
248.141938 2048
248.160288 4
248.174633 2048
248.174717 4
248.187912 2048
248.197345 4
248.413570 2048
248.413646 4
248.632792 2048
248.632958 4
248.692510 2048
248.692602 4
248.749767 2048
248.749855 4
248.765383 2048
248.765458 4
248.781480 2048
248.810037 4
248.866654 2048
248.866738 4
248.924553 2048
248.963628 4
253.150740 2048
253.150818 4
257.314539 2048
257.314738 4
258.378840 2048
258.378928 4
259.465609 2048
259.465756 4
259.757260 2048
259.757365 4
260.064218 2048
260.064331 4
260.128364 2048
260.128442 4
260.192718 2048
260.192811 4
260.206808 2048
260.206873 4
260.220762 2048
260.230433 4
260.248135 2048
260.248201 4
260.265712 2048
260.279392 4
260.344851 2048
260.344944 4
260.416406 2048
260.416521 4
260.432419 2048
260.432509 4
260.447910 2048
260.459197 4
260.476346 2048
260.476430 4
260.492961 2048
260.504053 4
260.769917 2048
260.769985 4
261.035676 2048
261.035785 4
261.100310 2048
261.100398 4
261.163030 2048
261.163133 4
261.179726 2048
261.179807 4
261.195093 2048
261.206901 4
261.222820 2048
261.222892 4
261.239461 2048
261.250515 4
261.313715 2048
261.313792 4
261.375216 2048
261.393232 4
261.409473 2048
261.409554 4
261.425435 2048
261.437120 4
262.437887 2048
262.437967 4
263.466765 2048
263.467294 4
263.729385 2048
263.729483 4
264.021594 2048
264.021762 4
264.092833 2048
264.093004 4
264.158672 2048
264.178228 4
264.193605 2048
264.193689 4
264.208783 2048
264.220017 4
264.277462 2048
264.277537 4
264.333404 2048
264.333498 4
264.348468 2048
264.348545 4
264.364473 2048
264.396599 4
264.657352 2048
264.657491 4
264.903789 2048
264.903904 4
264.958859 2048
264.958941 4
265.013309 2048
265.027494 4
265.043304 2048
265.043412 4
265.059444 2048
265.070919 4
265.135254 2048
265.135368 4
265.198912 2048
265.218113 4
265.233799 2048
265.233904 4
265.248844 2048
