0.0 2048
0.000568 4
4.397678 2048
4.397781 4
8.773387 2048
8.773646 4
9.900714 2048
9.900863 4
11.063830 2048
11.064249 4
11.347428 2048
11.347597 4
11.625704 2048
11.625849 4
11.691605 2048
11.691719 4
11.757997 2048
11.758116 4
11.776237 2048
11.776349 4
11.793913 2048
11.847811 4
11.911776 2048
11.911947 4
11.975452 2048
11.994516 4
12.011809 2048
12.011889 4
12.028413 2048
12.038932 4
12.354494 2048
12.354588 4
12.654589 2048
12.654715 4
12.730478 2048
12.730562 4
12.805323 2048
12.805433 4
12.821303 2048
12.821399 4
12.840744 2048
12.853608 4
12.874023 2048
12.874116 4
12.896646 2048
12.910503 4
12.982901 2048
12.983021 4
13.052075 2048
13.052182 4
13.068734 2048
13.068830 4
13.086225 2048
13.122723 4
11.703586 2048
11.703671 4
12.856776 2048
12.856960 4
13.157283 2048
13.157381 4
13.436192 2048
13.436316 4
13.504323 2048
13.504407 4
13.573325 2048
13.593813 4
13.611813 2048
13.611895 4
13.629901 2048
13.641625 4
13.714657 2048
13.714743 4
13.788478 2048
13.788603 4
13.806597 2048
13.806676 4
13.824142 2048
13.838869 4
13.857034 2048
13.857121 4
13.875992 2048
13.887784 4
14.153153 2048
14.153291 4
14.443912 2048
14.444033 4
14.498921 2048
14.499050 4
14.553706 2048
14.586772 4
14.659749 2048
14.659834 4
14.731996 2048
14.752795 4
14.772558 2048
14.772693 4
14.793340 2048
