0.0 2048
0.000792 4
15.580461 2048
15.580561 4
31.193235 2048
31.193661 4
35.582697 2048
35.582789 4
39.829157 2048
39.829420 4
40.978101 2048
40.978225 4
42.045450 2048
42.046243 4
42.328348 2048
42.328502 4
42.615389 2048
42.615552 4
42.686326 2048
42.686424 4
42.748161 2048
42.788191 4
42.808225 2048
42.808287 4
42.824611 2048
42.837000 4
42.901830 2048
42.901926 4
42.969381 2048
42.969466 4
42.987684 2048
42.987785 4
43.002739 2048
43.013571 4
43.029942 2048
43.030034 4
43.047284 2048
43.059428 4
43.330436 2048
43.330508 4
43.603334 2048
43.603418 4
43.673187 2048
43.673281 4
43.744888 2048
43.745004 4
43.764214 2048
43.764295 4
43.781887 2048
43.813307 4
43.882788 2048
43.882880 4
43.950263 2048
43.970254 4
43.986666 2048
43.986739 4
44.003161 2048
44.013417 4
45.011974 2048
45.012062 4
45.982760 2048
45.982930 4
46.231277 2048
46.231371 4
46.471838 2048
46.471932 4
46.538085 2048
46.538165 4
46.603178 2048
46.629350 4
46.647095 2048
46.647149 4
46.666857 2048
46.678559 4
46.732025 2048
46.732110 4
46.784152 2048
46.815549 4
47.056704 2048
47.056781 4
47.297872 2048
47.297990 4
47.355979 2048
47.356071 4
47.422063 2048
47.467592 4
47.524659 2048
47.524774 4
47.583655 2048
47.621287 4
52.384022 2048
52.384127 4
57.020451 2048
57.020719 4
58.253970 2048
58.254063 4
59.590517 2048
59.590729 4
59.931484 2048
59.931601 4
60.196736 2048
60.196889 4
60.257850 2048
60.257936 4
60.321360 2048
60.339879 4
60.356764 2048
60.356867 4
60.373343 2048
60.386447 4
60.454681 2048
60.454774 4
60.526775 2048
60.526902 4
60.545763 2048
60.545855 4
60.564040 2048
60.599449 4
58.447862 2048
58.447971 4
58.740046 2048
58.740179 4
58.799133 2048
58.799219 4
58.860065 2048
58.899264 4
58.974838 2048
58.974944 4
59.053085 2048
59.053194 4
59.071024 2048
59.071093 4
59.090107 2048
59.103190 4
59.125961 2048
59.126096 4
59.147638 2048
59.162019 4
60.368280 2048
60.368378 4
61.599898 2048
61.600103 4
61.887058 2048
61.887157 4
62.194091 2048
62.194210 4
62.264886 2048
62.264959 4
62.337826 2048
62.337934 4
62.357151 2048
62.357276 4
62.380014 2048
62.414964 4
62.490532 2048
62.490676 4
62.560244 2048
62.579848 4
62.596325 2048
62.596409 4
62.614812 2048
62.626518 4
62.938925 2048
62.938995 4
63.267779 2048
63.267935 4
63.347955 2048
63.348076 4
63.428985 2048
63.429140 4
63.449332 2048
63.449440 4
63.469962 2048
63.483990 4
63.505122 2048
63.505230 4
63.525069 2048
63.537828 4
63.618688 2048
63.618778 4
63.697577 2048
63.697688 4
63.715980 2048
63.716067 4
63.734341 2048
63.748276 4
63.770167 2048
63.770254 4
63.789002 2048
